1.4406589011
1.437180584
1.3684065386
1.4088063021
1.4289644406
1.3811940254
1.4056076239
1.441808817
1.3798730179
1.425420676
1.4389569005
1.4362147979
1.4023212402
1.4169983838
1.4324016817
1.4318122071
1.415895301
1.4458878637
1.4413004272
1.3358156393
1.4135059068
1.4216656303
1.4143016086
1.4379290809
1.4421359507
1.431329807
1.4320699789
1.4154917837
1.4443583151
1.4393070237
1.4432998441
1.4329561558
1.4266121458
1.3908427555
1.4200248444
1.4359345925
1.4242127719
1.4320714248
1.4283583343
1.3808522217
1.4400187443
1.442427568
1.3522155876
1.4000820964
1.365955049
1.3349869233
1.4278722173
1.3775613415
1.4108554126
1.4255139092
1.4342971842
1.3923887719
1.3914935247
1.4372100153
1.4280169711
1.3711250946
1.4130331438
1.3990249135
1.4373009949
1.439010712
1.4140983636
1.3998622095
1.4238215105
1.3983470881
1.3905059696
1.4277559364
1.4157603576
1.4417289087
1.4107732443
1.4378628732
1.4131644894
1.4347438724
1.3694957714
1.3645746745
1.4407998276
1.3784094845
1.432141345
1.4034661105
1.4268980579
1.4431734365
1.3041164824
1.4203096448
1.3886591074
1.3693216625
1.4191582421
1.4307665165
1.4273391524
1.4411727734
1.4350343926
1.3943243283
1.4167721885
1.4342123419
1.4200816334
1.4104948891
1.4267720195
1.4246875539
1.4452694374
1.3429534163
1.3900024431
1.4267071461
1.4416031464
1.3695641053
1.4265784957
1.3699407244
1.4005724914
1.4258747362
1.4257823638
1.4290596317
1.4153014826
1.2490845851
1.3968732003
1.4370905463
1.4403151265
1.3500529214
1.4112730027
1.4443118393
1.42333788
1.4090485469
1.4332593729
1.4087185853
1.4092329878
1.4426765642
1.4180497094
1.4422814157
1.4165603278
1.4248778011
1.4307812709
1.4165487776
1.4356860489
1.416800469
1.3817540627
1.4313464119
1.4427109068
1.4058812215
1.4255768862
1.3483509726
1.3926751794
1.416623945
1.4217320325
1.3894914844
1.3824593396
1.3832842648
1.4030062762
1.3254980883
1.4315045048
1.4351449733
1.4402797695
1.4219065558
1.4425009582
1.4451599055
1.4272073697
1.4269539306
1.4387649652
1.4353373977
1.4416041161
1.4223004736
1.4327944165
1.423194169
1.3514544485
1.375307166
1.4421143039
1.397826178
1.4397436178
1.4289207126
1.4168077401
1.3274560043
1.4301478853
1.3665034632
1.3010089254
1.4378371798
1.3996227921
1.3582376322
1.4284184086
1.4432101697
1.4415277163
1.4343782528
1.4196768474
1.4390642707
1.4171369483
1.4155325749
1.3496415483
1.3923902402
1.4239813566
1.4017708511
1.4437286817
1.4189254596
1.4104341033
1.375235308
1.4266381551
1.4440084412
1.3362664338
1.4019830953
1.4391851166
1.4015273152
1.4205703386
1.4388831892
1.3635586416
1.4250883574
1.2561181518
1.4036101007
1.4329799611
1.4384860096
1.3488025859
1.4174222543
1.2969036341
1.347811883
1.435820309
1.4182247241
1.4220549165
1.4343124116
1.4202877968
1.4431971839
1.3691678726
1.4453091537
1.4349815948
1.4434692316
1.4128630565
1.4453074877
1.4340432285
1.4186587138
1.4227454192
1.420905989
1.3798823013
1.3205817618
1.3953421679
1.4241172381
1.4151531989
1.4046935478
1.3219325646
1.4378002412
1.4205966775
1.3834358901
1.4363736441
1.3351560251
1.3466190619
1.3649572954
1.4423985508
1.4091118905
1.3460366386
1.4137337614
1.3756623244
1.4400364984
1.4335397583
1.4227798874
1.4310261893
1.4164962798
1.3322239207
1.4261324064
1.4254649616
1.414367227
1.4155723959
1.3850759379
1.4275678282
1.4341940712
1.4346510671
1.4169888737
1.4303233426
1.4399204186
1.4341411618
1.4412666827
1.4399894634
1.4374604036
1.3707945319
1.3685575677
1.4402239435
1.4371463691
1.4257067862
1.4244386104
1.4158634511
1.4184514329
1.4441878916
1.4362134925
1.4298457583
1.4116438513
1.4394015227
1.4305081385
1.3849192656
1.432301636
1.4248070274
1.3702096558
1.4189642617
1.4268970185
1.4374595129
1.443197912
1.4448863578
1.4394511886
1.4384891766
1.4149742783
1.4408152417
1.4015389481
1.4407319789
1.4041514678
1.4375416496
1.4153608897
1.4397037523
1.3802976883
1.4240943735
1.4054582645
1.4415331687
1.3838741016
1.349953808
1.41694766
1.3858007394
1.43492548
1.3681350495
1.4129619102
1.4314284217
1.4380763228
1.4160437934
1.4390431248
1.4296678835
1.4212533356
1.4421264105
1.4375060616
1.4330271033
1.4414124731
1.3434143441
1.436602184
1.4265460249
1.4394985748
1.437718498
1.4220174458
1.3893696092
1.4342711628
1.4428694612
1.4074162966
1.4284107782
1.405410533
1.442545622
1.4186844129
1.404765938
1.3718434356
1.4365128586
1.37425099
1.4196461937
1.4010640767
1.4447222758
1.4200990605
1.4440047702
1.419598414
1.3709005053
1.4387285279
1.421088983
1.2904793453
1.4284242476
1.4399522011
1.4260844998
1.4353742933
1.420389828
1.3241023366
1.400579692
1.433534786
1.4432276374
1.4362412333
1.4351706207
1.435000837
1.3965973529
1.4150436451
1.4244965245
1.4437418292
1.3604338863
1.4410594145
1.4285995291
1.4234416127
1.428829311
1.4051594332
1.4270696662
1.4345908939
1.4351923344
1.422377938
1.4406707549
1.4249546079
1.4020625957
1.3992733501
1.4450223356
1.4283602591
1.4356706046
1.4354655286
1.3813348671
1.2826894655
1.4444432604
1.4404627889
1.4421513646
1.3751638291
1.4448890708
1.3835845731
1.4382003179
1.3613108935
1.3726471618
1.3923961689
1.3713909775
1.4186318779
1.4373303065
1.4376769568
1.4006551881
1.438313931
1.4384125425
1.4252222606
1.4273726592
1.4257102112
1.4346455139
1.4429846989
1.3340539938
1.4326506602
1.4204340826
1.4410744982
1.4090092745
1.4391070509
1.4052520366
1.3665863732
1.4124104217
1.4324688888
1.4012625502
1.3913876744
1.43549278
1.4022186621
1.4185272425
1.3730774818
1.3703899245
1.4386913433
1.4414624046
1.356403497
1.4157535314
1.4136794893
1.3984484642
1.4041802335
1.4280695967
1.4109344504
1.4260115199
1.4383049443
1.4050693645
1.4253487266
1.4365427097
1.4032437218
1.4368427188
1.4450127065
1.4341585923
1.4441864977
1.3809630652
1.4451401449
1.40086766
1.4231907883
1.444621541
1.3464623576
1.4206481219
1.4345952421
1.232702153
1.4161624332
1.4450308643
1.4281643898
1.3616850005
1.3497815399
1.3646018317
1.4452642522
1.4352830793
1.4257828083
1.3985287395
1.4327405623
1.3944964956
1.409142746
1.430172356
1.4119549789
1.4377938758
1.4442514316
1.4430576646
1.4291953296
1.4428080172
1.4410736875
1.4306680234
1.4313470791
1.3136482151
1.4065685711
1.4101804741
1.3625776663
1.4308250146
1.4334675955
1.4305213301
1.4450548823
1.4438440481
1.400718695
1.3310984807
1.3849076477
1.4014287729
1.4373574772
1.4263808579
1.4407808305
1.4317264933
1.420308842
1.4409982189
1.2551324839
1.3977453403
1.4011505808
1.4435014182
1.4265606786
1.3952061538
1.442248068
1.4007340552
1.3882101538
1.3904557488
1.3200458786
1.4337310047
1.4449736266
1.4075682162
1.44130069
1.4234497085
1.3815982062
1.4059708039
1.4307046617
1.4059587378
1.4254299068
1.4419414137
1.4372418393
1.4444468631
1.4250642081
1.4386889181
1.4386021967
1.4254952769
1.4147657073
1.436519196
1.4298212218
1.4236667891
1.4305093578
1.3622710271
1.4282543622
1.4348218597
1.3653120177
1.4357590113
1.4429683377
1.4055118407
1.408306947
1.4353535849
1.4200963541
1.4159954863
1.4063471262
1.4249322535
1.4355721607
1.3997297317
1.4196490402
1.4019033551
1.3845976692
1.4083482519
1.43484446
1.4369226443
1.2880887793
1.4430723122
1.4197851418
1.4262626104
1.444100865
1.4445205466
1.4296093767
1.4316360506
1.4361438155
1.4129516944
1.3512045134
1.4056051487
1.3171014924
1.4435202864
1.4138765981
1.4405633832
1.4270882466
1.420563838
1.427625483
1.4346805147
1.4326788315
1.4317674659
1.4331543969
1.435475025
1.3631063805
1.4063532792
1.4003620874
1.410397382
1.3813168833
1.4256620985
1.4430062323
1.358742389
1.4200186277
1.3995628921
1.4357862327
1.4402678128
1.4251719646
1.4402746064
1.4386583787
1.4292591923
1.4123966706
1.4091917556
1.3894206259
1.430477313
1.4241978939
1.3670135108
1.4193457032
1.4140146742
1.3668521631
1.4057375856
1.3669367489
1.3780638841
1.4154697328
1.3958120396
1.4138124492
1.4426630051
1.3675503536
1.3159291222
1.4037807664
1.4283936252
1.4235033491
1.3972061929
1.4083197544
1.4148296564
1.4370049065
1.4052100032
1.4252151975
1.4113432914
1.4259415509
1.4035515845
1.3745810142
1.4376460233
1.4287743051
1.4346083504
1.4367095789
1.4344573073
1.4253243811
1.4343916514
1.4194766432
1.3829927466
1.4401815861
1.422456994
1.4072797698
1.3875100727
1.4449693784
1.4301999813
1.4356124255
1.4044793597
1.3966296733
1.4166454306
1.4348058701
1.4294997787
1.4439838022
1.4123832438
1.4385552005
1.3757739635
1.4414284435
1.4141110374
1.4022542891
1.3997384001
1.3374818796
1.4302432455
1.3511928035
1.4232152266
1.4007696198
1.4139922193
1.4330533649
1.4431014166
1.4208720916
1.3464717071
1.3051776191
1.3128196483
1.3889645978
1.3356120111
1.4125121087
1.3745260055
1.3690484141
1.4455898782
1.4142197665
1.414478471
1.4418504813
1.438841571
1.4351727787
1.365877622
1.4145772503
1.4360445308
1.4360346183
1.4417912043
1.4265873766
1.4256762917
1.3811817838
1.331392518
1.4347471342
1.4419619985
1.4355336582
1.3983782281
1.3950241159
1.3985377339
1.4424211341
1.4112729574
1.4368471485
1.4438386256
1.3905791853
1.4287454696
1.434566016
1.4403061707
1.4240681366
1.4330448332
1.4267388747
1.4451053319
1.436493735
1.3707207094
1.3708991517
1.3296953486
1.4162965318
1.4357306984
1.4349495577
1.4375128422
1.3226220624
1.4441883706
1.4449460931
1.4101532394
1.2828770039
1.4358294345
1.406581109
1.4003343818
1.4306944096
1.4396698757
1.4431207318
1.4285444253
1.443418816
1.3491689528
1.4132997996
1.4347789292
1.3521027144
1.3566299337
1.407838845
1.3814721272
1.4402000532
1.4331922338
1.4118604995
1.3429229678
1.4453161104
1.4314667413
1.2854839974
1.4332690565
1.433429918
1.4120315468
1.3660734564
1.3425529507
1.3993301239
1.4132822166
1.4352359873
1.418777787
1.434905041
1.4299990641
1.4221284757
1.4413246866
1.4273943981
1.4118258123
1.420217297
1.3834435276
1.38682925
1.441848973
1.2863675764
1.3981766693
1.4422094395
1.3548048992
1.4169585801
1.4321745593
1.4417160957
1.4299049287
1.4122745493
1.4439638565
1.4323875805
1.4277457364
1.4082887951
1.4412635563
1.4330735115
1.3351872253
1.4293909997
1.4135274789
1.4177331688
1.4315054544
1.3818253034
1.3564794673
1.3949675015
1.4212937434
1.4245017035
1.3947900062
1.4272374072
1.412156898
1.4432545509
1.4379513302
1.4381228769
1.3729445106
1.3103581752
1.4467419984
1.3771789064
1.4402288809
1.4070433254
1.4177395544
1.4424717352
1.3119874207
1.4319743957
1.4239277595
1.371747461
1.4446205439
1.4238756222
1.4370796394
1.417380909
1.4393339681
1.4230635939
1.419574716
1.3479563072
1.4132698817
1.390651397
1.4085379392
1.4411196586
1.4249402644
1.4192672427
1.3275766449
1.35303536
1.4128621084
1.3976290104
1.4129741816
1.3795544284
1.4125046118
1.4049981079
1.4173527765
1.4338143593
1.4036519092
1.4392588035
1.4387307145
1.3473584454
1.4219678993
1.4240753192
1.417698342
1.4359229199
1.429450008
1.3989032723
1.4083213314
1.426788183
1.419157796
1.4353957545
1.4233651166
1.4339205588
1.4367940066
1.4119891394
1.4126813831
1.4313659483
1.3163605302
1.3756055763
1.4427109316
1.3489491883
1.383122531
1.4295920279
1.427603632
1.4216978159
1.441879354
1.3870755844
1.419473251
1.4203289626
1.4396239686
1.4120196084
1.4181633118
1.444172161
1.4300585884
1.4244530743
1.4357057297
1.3932398273
1.3420110115
1.436652733
1.4032309057
1.4437652832
1.4101034202
1.4209623845
1.386094179
1.430928662
1.4073340488
1.4290278742
1.4425981449
1.3776170805
1.4101807259
1.4444317426
1.4252352367
1.4442538055
1.3983325721
1.4148227945
1.4287211535
1.4220899368
1.4338607784
1.4236711239
1.4348110172
1.4341633111
1.4422170864
1.3839349149
1.4321255723
1.4342158373
1.4227659275
1.4442518857
1.3914338702
1.4241791
1.4322391661
1.3913324856
1.4427173962
1.3632065519
1.4164206385
1.4399631534
1.4421808182
1.4445984592
1.4361129839
1.438773954
1.4139298828
1.4164698181
1.4321251134
1.3764522994
1.4071560337
1.3972732244
1.3332751289
1.4342674339
1.4281788121
1.441209632
1.4411245882
1.4205837449
1.4234578908
1.4159932436
1.4446452858
1.4064073496
1.4247596594
1.3819775135
1.4047368437
1.4383678442
1.4417405375
1.4298207812
1.4337564733
1.3577586345
1.4344983177
1.3435095314
1.4086800358
1.4117944719
1.4375724045
1.4412211671
1.3102968574
1.4340988954
1.4262354748
1.4055993752
1.3988670615
1.4005202516
1.4445147086
1.3490961258
1.4404156491
1.4032093618
1.4329451664
1.4451502317
1.3928937567
1.4396501706
1.4314394795
1.4294712364
1.4234359143
1.3729667172
1.4067655398
1.3935425337
1.405511385
1.2786780432
1.4278225164
1.4187725672
1.4174165845
1.3361888495
1.4270910596
1.4386357983
1.4248780841
1.3591955948
1.3972578157
1.4297989079
1.429785333
1.4270719048
1.4165370984
1.4302334761
1.3753466253
1.42779729
1.4240823711
1.4367085701
1.4083538055
1.4321059123
1.3961046682
1.3924938396
1.4210799042
1.3713172202
1.4250845464
1.4208746925
1.437133818
1.4397942483
1.420482139
1.4043572702
1.4172991071
1.425943067
1.3565745019
1.3726736029
1.3729947258
1.4162241497
1.4419968849
1.4253374787
1.4426352979
1.4059886543
1.407853433
1.3059804816
1.3736558291
1.3623413548
1.4017027558
1.4068183346
1.3530728906
1.421863869
1.4030134435
1.4276578059
1.4242705362
1.4370156719